       psi        ni[m^-3]        ne[m^-3]       ti[eV]       te[eV]    we[rad/s]
0.000000E+00   4.500000E+19   5.500000E+19   5.000000E+03   2.500000E+03   1.000000E+00
1.949318E-03   4.499238E+19   5.494814E+19   4.978366E+03   2.498558E+03   1.000000E+00
3.898635E-03   4.498020E+19   5.489307E+19   4.958428E+03   2.496873E+03   1.000000E+00
5.847953E-03   4.496539E+19   5.483676E+19   4.939117E+03   2.495082E+03   1.000000E+00
7.797271E-03   4.494856E+19   5.477965E+19   4.920222E+03   2.493218E+03   1.000000E+00
9.746589E-03   4.493005E+19   5.472194E+19   4.901643E+03   2.491298E+03   1.000000E+00
1.169591E-02   4.491010E+19   5.466377E+19   4.883321E+03   2.489332E+03   1.000000E+00
1.364522E-02   4.488885E+19   5.460521E+19   4.865219E+03   2.487326E+03   1.000000E+00
1.559454E-02   4.486644E+19   5.454634E+19   4.847310E+03   2.485287E+03   1.000000E+00
1.754386E-02   4.484296E+19   5.448719E+19   4.829573E+03   2.483218E+03   1.000000E+00
1.949318E-02   4.481849E+19   5.442781E+19   4.811994E+03   2.481121E+03   1.000000E+00
2.144250E-02   4.479309E+19   5.436821E+19   4.794559E+03   2.478998E+03   1.000000E+00
2.339181E-02   4.476683E+19   5.430843E+19   4.777259E+03   2.476853E+03   1.000000E+00
2.534113E-02   4.473974E+19   5.424849E+19   4.760085E+03   2.474687E+03   1.000000E+00
2.729045E-02   4.471189E+19   5.418840E+19   4.743031E+03   2.472501E+03   1.000000E+00
2.923977E-02   4.468330E+19   5.412818E+19   4.726090E+03   2.470296E+03   1.000000E+00
3.118908E-02   4.465400E+19   5.406783E+19   4.709256E+03   2.468073E+03   1.000000E+00
3.313840E-02   4.462404E+19   5.400738E+19   4.692526E+03   2.465834E+03   1.000000E+00
3.508772E-02   4.459343E+19   5.394683E+19   4.675896E+03   2.463579E+03   1.000000E+00
3.703704E-02   4.456220E+19   5.388618E+19   4.659360E+03   2.461308E+03   1.000000E+00
3.898635E-02   4.453039E+19   5.382546E+19   4.642918E+03   2.459024E+03   1.000000E+00
4.093567E-02   4.449799E+19   5.376466E+19   4.626564E+03   2.456725E+03   1.000000E+00
4.288499E-02   4.446505E+19   5.370379E+19   4.610298E+03   2.454414E+03   1.000000E+00
4.483431E-02   4.443157E+19   5.364286E+19   4.594116E+03   2.452090E+03   1.000000E+00
4.678363E-02   4.439758E+19   5.358188E+19   4.578016E+03   2.449753E+03   1.000000E+00
4.873294E-02   4.436309E+19   5.352084E+19   4.561996E+03   2.447405E+03   1.000000E+00
5.068226E-02   4.432811E+19   5.345976E+19   4.546055E+03   2.445045E+03   1.000000E+00
5.263158E-02   4.429267E+19   5.339863E+19   4.530190E+03   2.442674E+03   1.000000E+00
5.458090E-02   4.425677E+19   5.333746E+19   4.514400E+03   2.440293E+03   1.000000E+00
5.653021E-02   4.422042E+19   5.327627E+19   4.498684E+03   2.437901E+03   1.000000E+00
5.847953E-02   4.418365E+19   5.321503E+19   4.483040E+03   2.435499E+03   1.000000E+00
6.042885E-02   4.414646E+19   5.315378E+19   4.467467E+03   2.433087E+03   1.000000E+00
6.237817E-02   4.410886E+19   5.309249E+19   4.451963E+03   2.430666E+03   1.000000E+00
6.432749E-02   4.407087E+19   5.303119E+19   4.436529E+03   2.428236E+03   1.000000E+00
6.627680E-02   4.403248E+19   5.296987E+19   4.421161E+03   2.425796E+03   1.000000E+00
6.822612E-02   4.399373E+19   5.290853E+19   4.405860E+03   2.423348E+03   1.000000E+00
7.017544E-02   4.395460E+19   5.284718E+19   4.390625E+03   2.420890E+03   1.000000E+00
7.212476E-02   4.391512E+19   5.278581E+19   4.375454E+03   2.418425E+03   1.000000E+00
7.407407E-02   4.387529E+19   5.272444E+19   4.360347E+03   2.415951E+03   1.000000E+00
7.602339E-02   4.383511E+19   5.266306E+19   4.345302E+03   2.413469E+03   1.000000E+00
7.797271E-02   4.379461E+19   5.260168E+19   4.330320E+03   2.410979E+03   1.000000E+00
7.992203E-02   4.375378E+19   5.254029E+19   4.315400E+03   2.408482E+03   1.000000E+00
8.187135E-02   4.371263E+19   5.247890E+19   4.300540E+03   2.405977E+03   1.000000E+00
8.382066E-02   4.367117E+19   5.241751E+19   4.285740E+03   2.403464E+03   1.000000E+00
8.576998E-02   4.362941E+19   5.235613E+19   4.271000E+03   2.400944E+03   1.000000E+00
8.771930E-02   4.358735E+19   5.229475E+19   4.256318E+03   2.398417E+03   1.000000E+00
8.966862E-02   4.354500E+19   5.223338E+19   4.241695E+03   2.395883E+03   1.000000E+00
9.161793E-02   4.350237E+19   5.217201E+19   4.227129E+03   2.393342E+03   1.000000E+00
9.356725E-02   4.345946E+19   5.211065E+19   4.212620E+03   2.390794E+03   1.000000E+00
9.551657E-02   4.341629E+19   5.204930E+19   4.198168E+03   2.388239E+03   1.000000E+00
9.746589E-02   4.337284E+19   5.198797E+19   4.183773E+03   2.385678E+03   1.000000E+00
9.941520E-02   4.332914E+19   5.192664E+19   4.169433E+03   2.383110E+03   1.000000E+00
1.013645E-01   4.328518E+19   5.186533E+19   4.155148E+03   2.380536E+03   1.000000E+00
1.033138E-01   4.324098E+19   5.180404E+19   4.140917E+03   2.377956E+03   1.000000E+00
1.052632E-01   4.319653E+19   5.174276E+19   4.126741E+03   2.375369E+03   1.000000E+00
1.072125E-01   4.315184E+19   5.168150E+19   4.112619E+03   2.372776E+03   1.000000E+00
1.091618E-01   4.310692E+19   5.162026E+19   4.098551E+03   2.370178E+03   1.000000E+00
1.111111E-01   4.306178E+19   5.155904E+19   4.084536E+03   2.367573E+03   1.000000E+00
1.130604E-01   4.301641E+19   5.149784E+19   4.070573E+03   2.364962E+03   1.000000E+00
1.150097E-01   4.297082E+19   5.143666E+19   4.056663E+03   2.362346E+03   1.000000E+00
1.169591E-01   4.292502E+19   5.137551E+19   4.042805E+03   2.359724E+03   1.000000E+00
1.189084E-01   4.287901E+19   5.131438E+19   4.028998E+03   2.357096E+03   1.000000E+00
1.208577E-01   4.283280E+19   5.125327E+19   4.015243E+03   2.354463E+03   1.000000E+00
1.228070E-01   4.278639E+19   5.119219E+19   4.001539E+03   2.351824E+03   1.000000E+00
1.247563E-01   4.273978E+19   5.113114E+19   3.987886E+03   2.349180E+03   1.000000E+00
1.267057E-01   4.269298E+19   5.107011E+19   3.974283E+03   2.346530E+03   1.000000E+00
1.286550E-01   4.264599E+19   5.100911E+19   3.960731E+03   2.343875E+03   1.000000E+00
1.306043E-01   4.259882E+19   5.094814E+19   3.947228E+03   2.341215E+03   1.000000E+00
1.325536E-01   4.255147E+19   5.088721E+19   3.933775E+03   2.338549E+03   1.000000E+00
1.345029E-01   4.250394E+19   5.082630E+19   3.920371E+03   2.335878E+03   1.000000E+00
1.364522E-01   4.245624E+19   5.076542E+19   3.907017E+03   2.333203E+03   1.000000E+00
1.384016E-01   4.240838E+19   5.070458E+19   3.893711E+03   2.330522E+03   1.000000E+00
1.403509E-01   4.236034E+19   5.064377E+19   3.880454E+03   2.327836E+03   1.000000E+00
1.423002E-01   4.231215E+19   5.058299E+19   3.867245E+03   2.325146E+03   1.000000E+00
1.442495E-01   4.226380E+19   5.052225E+19   3.854084E+03   2.322450E+03   1.000000E+00
1.461988E-01   4.221530E+19   5.046154E+19   3.840972E+03   2.319750E+03   1.000000E+00
1.481481E-01   4.216665E+19   5.040087E+19   3.827906E+03   2.317044E+03   1.000000E+00
1.500975E-01   4.211785E+19   5.034024E+19   3.814889E+03   2.314334E+03   1.000000E+00
1.520468E-01   4.206891E+19   5.027964E+19   3.801918E+03   2.311620E+03   1.000000E+00
1.539961E-01   4.201983E+19   5.021908E+19   3.788995E+03   2.308900E+03   1.000000E+00
1.559454E-01   4.197061E+19   5.015856E+19   3.776118E+03   2.306176E+03   1.000000E+00
1.578947E-01   4.192125E+19   5.009808E+19   3.763289E+03   2.303448E+03   1.000000E+00
1.598441E-01   4.187177E+19   5.003763E+19   3.750505E+03   2.300715E+03   1.000000E+00
1.617934E-01   4.182216E+19   4.997723E+19   3.737768E+03   2.297977E+03   1.000000E+00
1.637427E-01   4.177242E+19   4.991687E+19   3.725077E+03   2.295235E+03   1.000000E+00
1.656920E-01   4.172257E+19   4.985655E+19   3.712431E+03   2.292489E+03   1.000000E+00
1.676413E-01   4.167259E+19   4.979627E+19   3.699832E+03   2.289738E+03   1.000000E+00
1.695906E-01   4.162250E+19   4.973604E+19   3.687278E+03   2.286983E+03   1.000000E+00
1.715400E-01   4.157230E+19   4.967584E+19   3.674769E+03   2.284223E+03   1.000000E+00
1.734893E-01   4.152199E+19   4.961569E+19   3.662306E+03   2.281459E+03   1.000000E+00
1.754386E-01   4.147157E+19   4.955559E+19   3.649888E+03   2.278691E+03   1.000000E+00
1.773879E-01   4.142104E+19   4.949553E+19   3.637514E+03   2.275919E+03   1.000000E+00
1.793372E-01   4.137042E+19   4.943551E+19   3.625186E+03   2.273142E+03   1.000000E+00
1.812865E-01   4.131970E+19   4.937554E+19   3.612901E+03   2.270361E+03   1.000000E+00
1.832359E-01   4.126888E+19   4.931562E+19   3.600662E+03   2.267576E+03   1.000000E+00
1.851852E-01   4.121797E+19   4.925574E+19   3.588466E+03   2.264787E+03   1.000000E+00
1.871345E-01   4.116696E+19   4.919591E+19   3.576315E+03   2.261994E+03   1.000000E+00
1.890838E-01   4.111587E+19   4.913613E+19   3.564208E+03   2.259197E+03   1.000000E+00
1.910331E-01   4.106470E+19   4.907639E+19   3.552145E+03   2.256396E+03   1.000000E+00
1.929825E-01   4.101344E+19   4.901671E+19   3.540125E+03   2.253591E+03   1.000000E+00
1.949318E-01   4.096210E+19   4.895707E+19   3.528149E+03   2.250782E+03   1.000000E+00
1.968811E-01   4.091069E+19   4.889748E+19   3.516216E+03   2.247969E+03   1.000000E+00
1.988304E-01   4.085920E+19   4.883794E+19   3.504327E+03   2.245152E+03   1.000000E+00
2.007797E-01   4.080763E+19   4.877846E+19   3.492481E+03   2.242331E+03   1.000000E+00
2.027290E-01   4.075600E+19   4.871902E+19   3.480678E+03   2.239506E+03   1.000000E+00
2.046784E-01   4.070430E+19   4.865963E+19   3.468918E+03   2.236677E+03   1.000000E+00
2.066277E-01   4.065253E+19   4.860030E+19   3.457201E+03   2.233845E+03   1.000000E+00
2.085770E-01   4.060070E+19   4.854102E+19   3.445527E+03   2.231009E+03   1.000000E+00
2.105263E-01   4.054880E+19   4.848179E+19   3.433895E+03   2.228169E+03   1.000000E+00
2.124756E-01   4.049685E+19   4.842261E+19   3.422305E+03   2.225325E+03   1.000000E+00
2.144250E-01   4.044484E+19   4.836348E+19   3.410759E+03   2.222477E+03   1.000000E+00
2.163743E-01   4.039278E+19   4.830441E+19   3.399254E+03   2.219626E+03   1.000000E+00
2.183236E-01   4.034067E+19   4.824540E+19   3.387791E+03   2.216771E+03   1.000000E+00
2.202729E-01   4.028850E+19   4.818643E+19   3.376371E+03   2.213912E+03   1.000000E+00
2.222222E-01   4.023629E+19   4.812753E+19   3.364993E+03   2.211050E+03   1.000000E+00
2.241715E-01   4.018404E+19   4.806867E+19   3.353656E+03   2.208184E+03   1.000000E+00
2.261209E-01   4.013174E+19   4.800988E+19   3.342361E+03   2.205314E+03   1.000000E+00
2.280702E-01   4.007939E+19   4.795114E+19   3.331108E+03   2.202441E+03   1.000000E+00
2.300195E-01   4.002701E+19   4.789245E+19   3.319896E+03   2.199564E+03   1.000000E+00
2.319688E-01   3.997460E+19   4.783382E+19   3.308726E+03   2.196684E+03   1.000000E+00
2.339181E-01   3.992214E+19   4.777525E+19   3.297597E+03   2.193800E+03   1.000000E+00
2.358674E-01   3.986966E+19   4.771674E+19   3.286510E+03   2.190912E+03   1.000000E+00
2.378168E-01   3.981714E+19   4.765828E+19   3.275463E+03   2.188021E+03   1.000000E+00
2.397661E-01   3.976460E+19   4.759989E+19   3.264458E+03   2.185127E+03   1.000000E+00
2.417154E-01   3.971203E+19   4.754155E+19   3.253494E+03   2.182229E+03   1.000000E+00
2.436647E-01   3.965943E+19   4.748327E+19   3.242570E+03   2.179327E+03   1.000000E+00
2.456140E-01   3.960681E+19   4.742504E+19   3.231688E+03   2.176422E+03   1.000000E+00
2.475634E-01   3.955417E+19   4.736688E+19   3.220846E+03   2.173514E+03   1.000000E+00
2.495127E-01   3.950151E+19   4.730878E+19   3.210044E+03   2.170602E+03   1.000000E+00
2.514620E-01   3.944883E+19   4.725074E+19   3.199284E+03   2.167686E+03   1.000000E+00
2.534113E-01   3.939614E+19   4.719276E+19   3.188563E+03   2.164768E+03   1.000000E+00
2.553606E-01   3.934343E+19   4.713484E+19   3.177884E+03   2.161846E+03   1.000000E+00
2.573099E-01   3.929072E+19   4.707698E+19   3.167244E+03   2.158920E+03   1.000000E+00
2.592593E-01   3.923799E+19   4.701918E+19   3.156645E+03   2.155991E+03   1.000000E+00
2.612086E-01   3.918526E+19   4.696144E+19   3.146086E+03   2.153059E+03   1.000000E+00
2.631579E-01   3.913251E+19   4.690377E+19   3.135567E+03   2.150123E+03   1.000000E+00
2.651072E-01   3.907977E+19   4.684616E+19   3.125088E+03   2.147185E+03   1.000000E+00
2.670565E-01   3.902702E+19   4.678861E+19   3.114648E+03   2.144242E+03   1.000000E+00
2.690058E-01   3.897428E+19   4.673113E+19   3.104249E+03   2.141297E+03   1.000000E+00
2.709552E-01   3.892153E+19   4.667370E+19   3.093890E+03   2.138348E+03   1.000000E+00
2.729045E-01   3.886878E+19   4.661635E+19   3.083570E+03   2.135396E+03   1.000000E+00
2.748538E-01   3.881605E+19   4.655905E+19   3.073290E+03   2.132441E+03   1.000000E+00
2.768031E-01   3.876331E+19   4.650182E+19   3.063049E+03   2.129482E+03   1.000000E+00
2.787524E-01   3.871059E+19   4.644466E+19   3.052848E+03   2.126520E+03   1.000000E+00
2.807018E-01   3.865787E+19   4.638756E+19   3.042686E+03   2.123555E+03   1.000000E+00
2.826511E-01   3.860517E+19   4.633052E+19   3.032564E+03   2.120587E+03   1.000000E+00
2.846004E-01   3.855248E+19   4.627355E+19   3.022481E+03   2.117616E+03   1.000000E+00
2.865497E-01   3.849981E+19   4.621665E+19   3.012437E+03   2.114641E+03   1.000000E+00
2.884990E-01   3.844715E+19   4.615982E+19   3.002432E+03   2.111663E+03   1.000000E+00
2.904483E-01   3.839451E+19   4.610305E+19   2.992467E+03   2.108682E+03   1.000000E+00
2.923977E-01   3.834189E+19   4.604634E+19   2.982540E+03   2.105698E+03   1.000000E+00
2.943470E-01   3.828929E+19   4.598971E+19   2.972652E+03   2.102710E+03   1.000000E+00
2.962963E-01   3.823671E+19   4.593314E+19   2.962804E+03   2.099719E+03   1.000000E+00
2.982456E-01   3.818416E+19   4.587664E+19   2.952994E+03   2.096726E+03   1.000000E+00
3.001949E-01   3.813164E+19   4.582021E+19   2.943223E+03   2.093729E+03   1.000000E+00
3.021442E-01   3.807914E+19   4.576384E+19   2.933490E+03   2.090729E+03   1.000000E+00
3.040936E-01   3.802667E+19   4.570755E+19   2.923796E+03   2.087726E+03   1.000000E+00
3.060429E-01   3.797423E+19   4.565132E+19   2.914141E+03   2.084719E+03   1.000000E+00
3.079922E-01   3.792183E+19   4.559516E+19   2.904525E+03   2.081710E+03   1.000000E+00
3.099415E-01   3.786946E+19   4.553908E+19   2.894946E+03   2.078698E+03   1.000000E+00
3.118908E-01   3.781712E+19   4.548306E+19   2.885407E+03   2.075682E+03   1.000000E+00
3.138402E-01   3.776482E+19   4.542711E+19   2.875905E+03   2.072663E+03   1.000000E+00
3.157895E-01   3.771256E+19   4.537123E+19   2.866442E+03   2.069642E+03   1.000000E+00
3.177388E-01   3.766035E+19   4.531543E+19   2.857017E+03   2.066617E+03   1.000000E+00
3.196881E-01   3.760817E+19   4.525969E+19   2.847631E+03   2.063589E+03   1.000000E+00
3.216374E-01   3.755603E+19   4.520403E+19   2.838282E+03   2.060558E+03   1.000000E+00
3.235867E-01   3.750394E+19   4.514843E+19   2.828972E+03   2.057524E+03   1.000000E+00
3.255361E-01   3.745190E+19   4.509291E+19   2.819700E+03   2.054487E+03   1.000000E+00
3.274854E-01   3.739990E+19   4.503746E+19   2.810465E+03   2.051447E+03   1.000000E+00
3.294347E-01   3.734795E+19   4.498209E+19   2.801269E+03   2.048404E+03   1.000000E+00
3.313840E-01   3.729606E+19   4.492678E+19   2.792110E+03   2.045358E+03   1.000000E+00
3.333333E-01   3.724421E+19   4.487155E+19   2.782989E+03   2.042309E+03   1.000000E+00
3.352827E-01   3.719242E+19   4.481640E+19   2.773906E+03   2.039257E+03   1.000000E+00
3.372320E-01   3.714068E+19   4.476131E+19   2.764861E+03   2.036202E+03   1.000000E+00
3.391813E-01   3.708900E+19   4.470630E+19   2.755854E+03   2.033143E+03   1.000000E+00
3.411306E-01   3.703737E+19   4.465137E+19   2.746884E+03   2.030082E+03   1.000000E+00
3.430799E-01   3.698580E+19   4.459651E+19   2.737951E+03   2.027018E+03   1.000000E+00
3.450292E-01   3.693430E+19   4.454172E+19   2.729056E+03   2.023951E+03   1.000000E+00
3.469786E-01   3.688285E+19   4.448701E+19   2.720199E+03   2.020881E+03   1.000000E+00
3.489279E-01   3.683147E+19   4.443237E+19   2.711379E+03   2.017808E+03   1.000000E+00
3.508772E-01   3.678015E+19   4.437781E+19   2.702596E+03   2.014732E+03   1.000000E+00
3.528265E-01   3.672890E+19   4.432332E+19   2.693851E+03   2.011653E+03   1.000000E+00
3.547758E-01   3.667772E+19   4.426891E+19   2.685143E+03   2.008571E+03   1.000000E+00
3.567251E-01   3.662660E+19   4.421458E+19   2.676473E+03   2.005486E+03   1.000000E+00
3.586745E-01   3.657555E+19   4.416032E+19   2.667839E+03   2.002398E+03   1.000000E+00
3.606238E-01   3.652457E+19   4.410614E+19   2.659243E+03   1.999307E+03   1.000000E+00
3.625731E-01   3.647367E+19   4.405204E+19   2.650684E+03   1.996214E+03   1.000000E+00
3.645224E-01   3.642284E+19   4.399802E+19   2.642161E+03   1.993117E+03   1.000000E+00
3.664717E-01   3.637208E+19   4.394407E+19   2.633676E+03   1.990017E+03   1.000000E+00
3.684211E-01   3.632140E+19   4.389020E+19   2.625228E+03   1.986915E+03   1.000000E+00
3.703704E-01   3.627079E+19   4.383641E+19   2.616817E+03   1.983809E+03   1.000000E+00
3.723197E-01   3.622027E+19   4.378270E+19   2.608443E+03   1.980701E+03   1.000000E+00
3.742690E-01   3.616982E+19   4.372906E+19   2.600105E+03   1.977590E+03   1.000000E+00
3.762183E-01   3.611946E+19   4.367551E+19   2.591804E+03   1.974475E+03   1.000000E+00
3.781676E-01   3.606918E+19   4.362203E+19   2.583541E+03   1.971358E+03   1.000000E+00
3.801170E-01   3.601898E+19   4.356864E+19   2.575313E+03   1.968238E+03   1.000000E+00
3.820663E-01   3.596886E+19   4.351532E+19   2.567123E+03   1.965115E+03   1.000000E+00
3.840156E-01   3.591883E+19   4.346209E+19   2.558969E+03   1.961989E+03   1.000000E+00
3.859649E-01   3.586889E+19   4.340893E+19   2.550852E+03   1.958860E+03   1.000000E+00
3.879142E-01   3.581904E+19   4.335586E+19   2.542771E+03   1.955729E+03   1.000000E+00
3.898635E-01   3.576928E+19   4.330286E+19   2.534727E+03   1.952594E+03   1.000000E+00
3.918129E-01   3.571960E+19   4.324995E+19   2.526719E+03   1.949457E+03   1.000000E+00
3.937622E-01   3.567002E+19   4.319712E+19   2.518748E+03   1.946316E+03   1.000000E+00
3.957115E-01   3.562053E+19   4.314437E+19   2.510813E+03   1.943173E+03   1.000000E+00
3.976608E-01   3.557114E+19   4.309171E+19   2.502915E+03   1.940027E+03   1.000000E+00
3.996101E-01   3.552184E+19   4.303912E+19   2.495053E+03   1.936878E+03   1.000000E+00
4.015595E-01   3.547264E+19   4.298662E+19   2.487227E+03   1.933726E+03   1.000000E+00
4.035088E-01   3.542354E+19   4.293420E+19   2.479438E+03   1.930571E+03   1.000000E+00
4.054581E-01   3.537453E+19   4.288187E+19   2.471684E+03   1.927414E+03   1.000000E+00
4.074074E-01   3.532563E+19   4.282961E+19   2.463967E+03   1.924253E+03   1.000000E+00
4.093567E-01   3.527682E+19   4.277745E+19   2.456286E+03   1.921090E+03   1.000000E+00
4.113060E-01   3.522812E+19   4.272536E+19   2.448641E+03   1.917923E+03   1.000000E+00
4.132554E-01   3.517952E+19   4.267336E+19   2.441032E+03   1.914754E+03   1.000000E+00
4.152047E-01   3.513103E+19   4.262145E+19   2.433460E+03   1.911582E+03   1.000000E+00
4.171540E-01   3.508264E+19   4.256961E+19   2.425923E+03   1.908407E+03   1.000000E+00
4.191033E-01   3.503436E+19   4.251787E+19   2.418422E+03   1.905229E+03   1.000000E+00
4.210526E-01   3.498619E+19   4.246621E+19   2.410957E+03   1.902048E+03   1.000000E+00
4.230019E-01   3.493812E+19   4.241464E+19   2.403528E+03   1.898865E+03   1.000000E+00
4.249513E-01   3.489017E+19   4.236315E+19   2.396135E+03   1.895678E+03   1.000000E+00
4.269006E-01   3.484233E+19   4.231174E+19   2.388777E+03   1.892489E+03   1.000000E+00
4.288499E-01   3.479459E+19   4.226043E+19   2.381456E+03   1.889297E+03   1.000000E+00
4.307992E-01   3.474698E+19   4.220920E+19   2.374170E+03   1.886102E+03   1.000000E+00
4.327485E-01   3.469947E+19   4.215806E+19   2.366920E+03   1.882904E+03   1.000000E+00
4.346979E-01   3.465208E+19   4.210700E+19   2.359705E+03   1.879703E+03   1.000000E+00
4.366472E-01   3.460481E+19   4.205604E+19   2.352527E+03   1.876500E+03   1.000000E+00
4.385965E-01   3.455766E+19   4.200516E+19   2.345383E+03   1.873293E+03   1.000000E+00
4.405458E-01   3.451062E+19   4.195437E+19   2.338276E+03   1.870084E+03   1.000000E+00
4.424951E-01   3.446370E+19   4.190367E+19   2.331204E+03   1.866872E+03   1.000000E+00
4.444444E-01   3.441691E+19   4.185305E+19   2.324167E+03   1.863656E+03   1.000000E+00
4.463938E-01   3.437023E+19   4.180253E+19   2.317166E+03   1.860438E+03   1.000000E+00
4.483431E-01   3.432368E+19   4.175209E+19   2.310200E+03   1.857218E+03   1.000000E+00
4.502924E-01   3.427725E+19   4.170175E+19   2.303270E+03   1.853994E+03   1.000000E+00
4.522417E-01   3.423095E+19   4.165149E+19   2.296375E+03   1.850767E+03   1.000000E+00
4.541910E-01   3.418477E+19   4.160133E+19   2.289516E+03   1.847538E+03   1.000000E+00
4.561404E-01   3.413872E+19   4.155125E+19   2.282691E+03   1.844305E+03   1.000000E+00
4.580897E-01   3.409279E+19   4.150127E+19   2.275902E+03   1.841070E+03   1.000000E+00
4.600390E-01   3.404700E+19   4.145137E+19   2.269149E+03   1.837832E+03   1.000000E+00
4.619883E-01   3.400133E+19   4.140157E+19   2.262430E+03   1.834591E+03   1.000000E+00
4.639376E-01   3.395580E+19   4.135186E+19   2.255747E+03   1.831347E+03   1.000000E+00
4.658869E-01   3.391039E+19   4.130224E+19   2.249098E+03   1.828100E+03   1.000000E+00
4.678363E-01   3.386512E+19   4.125272E+19   2.242485E+03   1.824851E+03   1.000000E+00
4.697856E-01   3.381998E+19   4.120328E+19   2.235907E+03   1.821598E+03   1.000000E+00
4.717349E-01   3.377497E+19   4.115394E+19   2.229364E+03   1.818343E+03   1.000000E+00
4.736842E-01   3.373011E+19   4.110470E+19   2.222856E+03   1.815085E+03   1.000000E+00
4.756335E-01   3.368537E+19   4.105554E+19   2.216383E+03   1.811824E+03   1.000000E+00
4.775828E-01   3.364078E+19   4.100648E+19   2.209945E+03   1.808560E+03   1.000000E+00
4.795322E-01   3.359632E+19   4.095752E+19   2.203541E+03   1.805293E+03   1.000000E+00
4.814815E-01   3.355200E+19   4.090864E+19   2.197173E+03   1.802023E+03   1.000000E+00
4.834308E-01   3.350782E+19   4.085987E+19   2.190839E+03   1.798750E+03   1.000000E+00
4.853801E-01   3.346378E+19   4.081118E+19   2.184541E+03   1.795474E+03   1.000000E+00
4.873294E-01   3.341988E+19   4.076260E+19   2.178277E+03   1.792196E+03   1.000000E+00
4.892788E-01   3.337613E+19   4.071410E+19   2.172047E+03   1.788914E+03   1.000000E+00
4.912281E-01   3.333252E+19   4.066571E+19   2.165853E+03   1.785630E+03   1.000000E+00
4.931774E-01   3.328905E+19   4.061741E+19   2.159693E+03   1.782343E+03   1.000000E+00
4.951267E-01   3.324573E+19   4.056920E+19   2.153567E+03   1.779053E+03   1.000000E+00
4.970760E-01   3.320255E+19   4.052110E+19   2.147476E+03   1.775760E+03   1.000000E+00
4.990253E-01   3.315952E+19   4.047309E+19   2.141420E+03   1.772464E+03   1.000000E+00
5.009747E-01   3.311664E+19   4.042517E+19   2.135399E+03   1.769165E+03   1.000000E+00
5.029240E-01   3.307391E+19   4.037736E+19   2.129411E+03   1.765863E+03   1.000000E+00
5.048733E-01   3.303133E+19   4.032964E+19   2.123458E+03   1.762558E+03   1.000000E+00
5.068226E-01   3.298889E+19   4.028202E+19   2.117540E+03   1.759250E+03   1.000000E+00
5.087719E-01   3.294661E+19   4.023450E+19   2.111656E+03   1.755940E+03   1.000000E+00
5.107212E-01   3.290448E+19   4.018708E+19   2.105806E+03   1.752626E+03   1.000000E+00
5.126706E-01   3.286250E+19   4.013976E+19   2.099991E+03   1.749310E+03   1.000000E+00
5.146199E-01   3.282068E+19   4.009253E+19   2.094210E+03   1.745990E+03   1.000000E+00
5.165692E-01   3.277901E+19   4.004541E+19   2.088463E+03   1.742668E+03   1.000000E+00
5.185185E-01   3.273750E+19   3.999839E+19   2.082750E+03   1.739342E+03   1.000000E+00
5.204678E-01   3.269614E+19   3.995146E+19   2.077071E+03   1.736014E+03   1.000000E+00
5.224172E-01   3.265494E+19   3.990464E+19   2.071426E+03   1.732683E+03   1.000000E+00
5.243665E-01   3.261390E+19   3.985792E+19   2.065816E+03   1.729348E+03   1.000000E+00
5.263158E-01   3.257302E+19   3.981130E+19   2.060239E+03   1.726011E+03   1.000000E+00
5.282651E-01   3.253229E+19   3.976478E+19   2.054697E+03   1.722671E+03   1.000000E+00
5.302144E-01   3.249173E+19   3.971837E+19   2.049188E+03   1.719328E+03   1.000000E+00
5.321637E-01   3.245133E+19   3.967205E+19   2.043713E+03   1.715982E+03   1.000000E+00
5.341131E-01   3.241108E+19   3.962584E+19   2.038272E+03   1.712632E+03   1.000000E+00
5.360624E-01   3.237100E+19   3.957974E+19   2.032865E+03   1.709280E+03   1.000000E+00
5.380117E-01   3.233109E+19   3.953373E+19   2.027492E+03   1.705925E+03   1.000000E+00
5.399610E-01   3.229134E+19   3.948783E+19   2.022152E+03   1.702567E+03   1.000000E+00
5.419103E-01   3.225175E+19   3.944203E+19   2.016846E+03   1.699206E+03   1.000000E+00
5.438596E-01   3.221233E+19   3.939634E+19   2.011573E+03   1.695841E+03   1.000000E+00
5.458090E-01   3.217307E+19   3.935076E+19   2.006334E+03   1.692474E+03   1.000000E+00
5.477583E-01   3.213398E+19   3.930527E+19   2.001129E+03   1.689104E+03   1.000000E+00
5.497076E-01   3.209506E+19   3.925990E+19   1.995957E+03   1.685730E+03   1.000000E+00
5.516569E-01   3.205631E+19   3.921463E+19   1.990818E+03   1.682354E+03   1.000000E+00
5.536062E-01   3.201773E+19   3.916946E+19   1.985713E+03   1.678975E+03   1.000000E+00
5.555556E-01   3.197931E+19   3.912440E+19   1.980641E+03   1.675592E+03   1.000000E+00
5.575049E-01   3.194107E+19   3.907945E+19   1.975602E+03   1.672207E+03   1.000000E+00
5.594542E-01   3.190300E+19   3.903461E+19   1.970596E+03   1.668818E+03   1.000000E+00
5.614035E-01   3.186510E+19   3.898987E+19   1.965624E+03   1.665426E+03   1.000000E+00
5.633528E-01   3.182737E+19   3.894524E+19   1.960684E+03   1.662031E+03   1.000000E+00
5.653021E-01   3.178982E+19   3.890072E+19   1.955778E+03   1.658633E+03   1.000000E+00
5.672515E-01   3.175244E+19   3.885631E+19   1.950904E+03   1.655232E+03   1.000000E+00
5.692008E-01   3.171523E+19   3.881200E+19   1.946063E+03   1.651828E+03   1.000000E+00
5.711501E-01   3.167820E+19   3.876781E+19   1.941255E+03   1.648421E+03   1.000000E+00
5.730994E-01   3.164135E+19   3.872373E+19   1.936480E+03   1.645011E+03   1.000000E+00
5.750487E-01   3.160467E+19   3.867975E+19   1.931737E+03   1.641597E+03   1.000000E+00
5.769981E-01   3.156817E+19   3.863589E+19   1.927027E+03   1.638181E+03   1.000000E+00
5.789474E-01   3.153185E+19   3.859214E+19   1.922350E+03   1.634761E+03   1.000000E+00
5.808967E-01   3.149571E+19   3.854849E+19   1.917704E+03   1.631338E+03   1.000000E+00
5.828460E-01   3.145975E+19   3.850496E+19   1.913092E+03   1.627912E+03   1.000000E+00
5.847953E-01   3.142396E+19   3.846155E+19   1.908511E+03   1.624483E+03   1.000000E+00
5.867446E-01   3.138836E+19   3.841824E+19   1.903963E+03   1.621050E+03   1.000000E+00
5.886940E-01   3.135294E+19   3.837505E+19   1.899446E+03   1.617615E+03   1.000000E+00
5.906433E-01   3.131770E+19   3.833197E+19   1.894962E+03   1.614176E+03   1.000000E+00
5.925926E-01   3.128264E+19   3.828900E+19   1.890510E+03   1.610734E+03   1.000000E+00
5.945419E-01   3.124777E+19   3.824615E+19   1.886089E+03   1.607289E+03   1.000000E+00
5.964912E-01   3.121308E+19   3.820341E+19   1.881700E+03   1.603840E+03   1.000000E+00
5.984405E-01   3.117858E+19   3.816078E+19   1.877343E+03   1.600388E+03   1.000000E+00
6.003899E-01   3.114426E+19   3.811828E+19   1.873017E+03   1.596933E+03   1.000000E+00
6.023392E-01   3.111012E+19   3.807588E+19   1.868722E+03   1.593475E+03   1.000000E+00
6.042885E-01   3.107617E+19   3.803360E+19   1.864459E+03   1.590014E+03   1.000000E+00
6.062378E-01   3.104241E+19   3.799144E+19   1.860227E+03   1.586549E+03   1.000000E+00
6.081871E-01   3.100884E+19   3.794940E+19   1.856026E+03   1.583081E+03   1.000000E+00
6.101365E-01   3.097545E+19   3.790747E+19   1.851856E+03   1.579610E+03   1.000000E+00
6.120858E-01   3.094225E+19   3.786566E+19   1.847717E+03   1.576135E+03   1.000000E+00
6.140351E-01   3.090924E+19   3.782397E+19   1.843609E+03   1.572657E+03   1.000000E+00
6.159844E-01   3.087642E+19   3.778240E+19   1.839531E+03   1.569176E+03   1.000000E+00
6.179337E-01   3.084379E+19   3.774094E+19   1.835483E+03   1.565691E+03   1.000000E+00
6.198830E-01   3.081135E+19   3.769961E+19   1.831465E+03   1.562203E+03   1.000000E+00
6.218324E-01   3.077910E+19   3.765839E+19   1.827478E+03   1.558711E+03   1.000000E+00
6.237817E-01   3.074705E+19   3.761729E+19   1.823521E+03   1.555217E+03   1.000000E+00
6.257310E-01   3.071518E+19   3.757632E+19   1.819593E+03   1.551719E+03   1.000000E+00
6.276803E-01   3.068351E+19   3.753546E+19   1.815695E+03   1.548217E+03   1.000000E+00
6.296296E-01   3.065203E+19   3.749473E+19   1.811826E+03   1.544712E+03   1.000000E+00
6.315789E-01   3.062075E+19   3.745412E+19   1.807987E+03   1.541203E+03   1.000000E+00
6.335283E-01   3.058966E+19   3.741363E+19   1.804177E+03   1.537692E+03   1.000000E+00
6.354776E-01   3.055876E+19   3.737327E+19   1.800395E+03   1.534176E+03   1.000000E+00
6.374269E-01   3.052806E+19   3.733302E+19   1.796642E+03   1.530657E+03   1.000000E+00
6.393762E-01   3.049756E+19   3.729290E+19   1.792918E+03   1.527135E+03   1.000000E+00
6.413255E-01   3.046725E+19   3.725291E+19   1.789222E+03   1.523609E+03   1.000000E+00
6.432749E-01   3.043714E+19   3.721304E+19   1.785554E+03   1.520080E+03   1.000000E+00
6.452242E-01   3.040723E+19   3.717329E+19   1.781914E+03   1.516547E+03   1.000000E+00
6.471735E-01   3.037751E+19   3.713367E+19   1.778301E+03   1.513011E+03   1.000000E+00
6.491228E-01   3.034799E+19   3.709418E+19   1.774716E+03   1.509471E+03   1.000000E+00
6.510721E-01   3.031867E+19   3.705481E+19   1.771157E+03   1.505927E+03   1.000000E+00
6.530214E-01   3.028955E+19   3.701557E+19   1.767626E+03   1.502380E+03   1.000000E+00
6.549708E-01   3.026063E+19   3.697646E+19   1.764121E+03   1.498829E+03   1.000000E+00
6.569201E-01   3.023191E+19   3.693748E+19   1.760642E+03   1.495275E+03   1.000000E+00
6.588694E-01   3.020339E+19   3.689862E+19   1.757189E+03   1.491717E+03   1.000000E+00
6.608187E-01   3.017507E+19   3.685990E+19   1.753762E+03   1.488155E+03   1.000000E+00
6.627680E-01   3.014695E+19   3.682130E+19   1.750360E+03   1.484590E+03   1.000000E+00
6.647173E-01   3.011903E+19   3.678283E+19   1.746982E+03   1.481021E+03   1.000000E+00
6.666667E-01   3.009131E+19   3.674449E+19   1.743630E+03   1.477448E+03   1.000000E+00
6.686160E-01   3.006380E+19   3.670629E+19   1.740302E+03   1.473872E+03   1.000000E+00
6.705653E-01   3.003649E+19   3.666822E+19   1.736998E+03   1.470291E+03   1.000000E+00
6.725146E-01   3.000938E+19   3.663027E+19   1.733717E+03   1.466707E+03   1.000000E+00
6.744639E-01   2.998248E+19   3.659247E+19   1.730459E+03   1.463120E+03   1.000000E+00
6.764133E-01   2.995578E+19   3.655479E+19   1.727224E+03   1.459528E+03   1.000000E+00
6.783626E-01   2.992928E+19   3.651725E+19   1.724011E+03   1.455933E+03   1.000000E+00
6.803119E-01   2.990299E+19   3.647984E+19   1.720820E+03   1.452333E+03   1.000000E+00
6.822612E-01   2.987690E+19   3.644257E+19   1.717651E+03   1.448730E+03   1.000000E+00
6.842105E-01   2.985102E+19   3.640543E+19   1.714502E+03   1.445123E+03   1.000000E+00
6.861598E-01   2.982535E+19   3.636843E+19   1.711374E+03   1.441512E+03   1.000000E+00
6.881092E-01   2.979988E+19   3.633157E+19   1.708265E+03   1.437897E+03   1.000000E+00
6.900585E-01   2.977461E+19   3.629484E+19   1.705176E+03   1.434279E+03   1.000000E+00
6.920078E-01   2.974956E+19   3.625825E+19   1.702106E+03   1.430656E+03   1.000000E+00
6.939571E-01   2.972471E+19   3.622180E+19   1.699053E+03   1.427029E+03   1.000000E+00
6.959064E-01   2.970007E+19   3.618549E+19   1.696019E+03   1.423398E+03   1.000000E+00
6.978558E-01   2.967563E+19   3.614932E+19   1.693001E+03   1.419763E+03   1.000000E+00
6.998051E-01   2.965140E+19   3.611329E+19   1.690000E+03   1.416124E+03   1.000000E+00
7.017544E-01   2.962739E+19   3.607739E+19   1.687014E+03   1.412481E+03   1.000000E+00
7.037037E-01   2.960357E+19   3.604165E+19   1.684043E+03   1.408834E+03   1.000000E+00
7.056530E-01   2.957997E+19   3.600604E+19   1.681087E+03   1.405183E+03   1.000000E+00
7.076023E-01   2.955658E+19   3.597057E+19   1.678144E+03   1.401527E+03   1.000000E+00
7.095517E-01   2.953340E+19   3.593525E+19   1.675213E+03   1.397868E+03   1.000000E+00
7.115010E-01   2.951042E+19   3.590008E+19   1.672295E+03   1.394204E+03   1.000000E+00
7.134503E-01   2.948766E+19   3.586504E+19   1.669388E+03   1.390536E+03   1.000000E+00
7.153996E-01   2.946510E+19   3.583016E+19   1.666490E+03   1.386863E+03   1.000000E+00
7.173489E-01   2.944276E+19   3.579542E+19   1.663603E+03   1.383187E+03   1.000000E+00
7.192982E-01   2.942062E+19   3.576082E+19   1.660723E+03   1.379506E+03   1.000000E+00
7.212476E-01   2.939870E+19   3.572638E+19   1.657851E+03   1.375820E+03   1.000000E+00
7.231969E-01   2.937699E+19   3.569208E+19   1.654986E+03   1.372130E+03   1.000000E+00
7.251462E-01   2.935549E+19   3.565793E+19   1.652126E+03   1.368436E+03   1.000000E+00
7.270955E-01   2.933420E+19   3.562393E+19   1.649270E+03   1.364737E+03   1.000000E+00
7.290448E-01   2.931312E+19   3.559008E+19   1.646417E+03   1.361034E+03   1.000000E+00
7.309942E-01   2.929225E+19   3.555639E+19   1.643566E+03   1.357326E+03   1.000000E+00
7.329435E-01   2.927159E+19   3.552284E+19   1.640717E+03   1.353614E+03   1.000000E+00
7.348928E-01   2.925115E+19   3.548945E+19   1.637867E+03   1.349897E+03   1.000000E+00
7.368421E-01   2.923091E+19   3.545621E+19   1.635015E+03   1.346176E+03   1.000000E+00
7.387914E-01   2.921089E+19   3.542312E+19   1.632160E+03   1.342449E+03   1.000000E+00
7.407407E-01   2.919108E+19   3.539019E+19   1.629301E+03   1.338718E+03   1.000000E+00
7.426901E-01   2.917149E+19   3.535741E+19   1.626436E+03   1.334983E+03   1.000000E+00
7.446394E-01   2.915210E+19   3.532480E+19   1.623564E+03   1.331242E+03   1.000000E+00
7.465887E-01   2.913293E+19   3.529233E+19   1.620683E+03   1.327497E+03   1.000000E+00
7.485380E-01   2.911397E+19   3.526003E+19   1.617792E+03   1.323747E+03   1.000000E+00
7.504873E-01   2.909522E+19   3.522789E+19   1.614889E+03   1.319992E+03   1.000000E+00
7.524366E-01   2.907669E+19   3.519590E+19   1.611972E+03   1.316232E+03   1.000000E+00
7.543860E-01   2.905837E+19   3.516408E+19   1.609040E+03   1.312467E+03   1.000000E+00
7.563353E-01   2.904026E+19   3.513242E+19   1.606091E+03   1.308697E+03   1.000000E+00
7.582846E-01   2.902236E+19   3.510092E+19   1.603122E+03   1.304922E+03   1.000000E+00
7.602339E-01   2.900467E+19   3.506958E+19   1.600133E+03   1.301142E+03   1.000000E+00
7.621832E-01   2.898720E+19   3.503841E+19   1.597121E+03   1.297357E+03   1.000000E+00
7.641326E-01   2.896994E+19   3.500740E+19   1.594083E+03   1.293566E+03   1.000000E+00
7.660819E-01   2.895289E+19   3.497656E+19   1.591019E+03   1.289770E+03   1.000000E+00
7.680312E-01   2.893605E+19   3.494588E+19   1.587925E+03   1.285969E+03   1.000000E+00
7.699805E-01   2.891943E+19   3.491537E+19   1.584800E+03   1.282163E+03   1.000000E+00
7.719298E-01   2.890302E+19   3.488503E+19   1.581640E+03   1.278351E+03   1.000000E+00
7.738791E-01   2.888681E+19   3.485486E+19   1.578445E+03   1.274534E+03   1.000000E+00
7.758285E-01   2.887082E+19   3.482487E+19   1.575210E+03   1.270711E+03   1.000000E+00
7.777778E-01   2.885504E+19   3.479504E+19   1.571935E+03   1.266882E+03   1.000000E+00
7.797271E-01   2.883948E+19   3.476538E+19   1.568615E+03   1.263048E+03   1.000000E+00
7.816764E-01   2.882412E+19   3.473590E+19   1.565249E+03   1.259209E+03   1.000000E+00
7.836257E-01   2.880897E+19   3.470659E+19   1.561833E+03   1.255363E+03   1.000000E+00
7.855750E-01   2.879403E+19   3.467746E+19   1.558365E+03   1.251512E+03   1.000000E+00
7.875244E-01   2.877930E+19   3.464850E+19   1.554842E+03   1.247654E+03   1.000000E+00
7.894737E-01   2.876477E+19   3.461972E+19   1.551261E+03   1.243791E+03   1.000000E+00
7.914230E-01   2.875046E+19   3.459112E+19   1.547618E+03   1.239922E+03   1.000000E+00
7.933723E-01   2.873635E+19   3.456270E+19   1.543911E+03   1.236047E+03   1.000000E+00
7.953216E-01   2.872244E+19   3.453445E+19   1.540136E+03   1.232165E+03   1.000000E+00
7.972710E-01   2.870875E+19   3.450639E+19   1.536290E+03   1.228277E+03   1.000000E+00
7.992203E-01   2.869525E+19   3.447851E+19   1.532370E+03   1.224383E+03   1.000000E+00
8.011696E-01   2.868196E+19   3.445081E+19   1.528371E+03   1.220483E+03   1.000000E+00
8.031189E-01   2.866887E+19   3.442329E+19   1.524291E+03   1.216576E+03   1.000000E+00
8.050682E-01   2.865597E+19   3.439595E+19   1.520125E+03   1.212662E+03   1.000000E+00
8.070175E-01   2.864328E+19   3.436880E+19   1.515871E+03   1.208742E+03   1.000000E+00
8.089669E-01   2.863078E+19   3.434183E+19   1.511524E+03   1.204815E+03   1.000000E+00
8.109162E-01   2.861848E+19   3.431505E+19   1.507079E+03   1.200881E+03   1.000000E+00
8.128655E-01   2.860636E+19   3.428845E+19   1.502534E+03   1.196941E+03   1.000000E+00
8.148148E-01   2.859444E+19   3.426204E+19   1.497885E+03   1.192993E+03   1.000000E+00
8.167641E-01   2.858270E+19   3.423581E+19   1.493126E+03   1.189038E+03   1.000000E+00
8.187135E-01   2.857115E+19   3.420977E+19   1.488255E+03   1.185076E+03   1.000000E+00
8.206628E-01   2.855978E+19   3.418391E+19   1.483266E+03   1.181106E+03   1.000000E+00
8.226121E-01   2.854858E+19   3.415823E+19   1.478155E+03   1.177129E+03   1.000000E+00
8.245614E-01   2.853755E+19   3.413274E+19   1.472918E+03   1.173145E+03   1.000000E+00
8.265107E-01   2.852669E+19   3.410743E+19   1.467551E+03   1.169152E+03   1.000000E+00
8.284600E-01   2.851599E+19   3.408230E+19   1.462050E+03   1.165152E+03   1.000000E+00
8.304094E-01   2.850544E+19   3.405735E+19   1.456409E+03   1.161143E+03   1.000000E+00
8.323587E-01   2.849504E+19   3.403257E+19   1.450624E+03   1.157127E+03   1.000000E+00
8.343080E-01   2.848478E+19   3.400796E+19   1.444691E+03   1.153101E+03   1.000000E+00
8.362573E-01   2.847465E+19   3.398353E+19   1.438605E+03   1.149068E+03   1.000000E+00
8.382066E-01   2.846464E+19   3.395926E+19   1.432362E+03   1.145025E+03   1.000000E+00
8.401559E-01   2.845474E+19   3.393514E+19   1.425958E+03   1.140974E+03   1.000000E+00
8.421053E-01   2.844494E+19   3.391119E+19   1.419387E+03   1.136913E+03   1.000000E+00
8.440546E-01   2.843522E+19   3.388737E+19   1.412645E+03   1.132843E+03   1.000000E+00
8.460039E-01   2.842557E+19   3.386370E+19   1.405728E+03   1.128763E+03   1.000000E+00
8.479532E-01   2.841597E+19   3.384015E+19   1.398632E+03   1.124673E+03   1.000000E+00
8.499025E-01   2.840641E+19   3.381672E+19   1.391352E+03   1.120573E+03   1.000000E+00
8.518519E-01   2.839686E+19   3.379340E+19   1.383870E+03   1.116462E+03   1.000000E+00
8.538012E-01   2.838729E+19   3.377016E+19   1.376163E+03   1.112340E+03   1.000000E+00
8.557505E-01   2.837769E+19   3.374699E+19   1.368224E+03   1.108207E+03   1.000000E+00
8.576998E-01   2.836801E+19   3.372388E+19   1.360052E+03   1.104061E+03   1.000000E+00
8.596491E-01   2.835823E+19   3.370079E+19   1.351642E+03   1.099903E+03   1.000000E+00
8.615984E-01   2.834831E+19   3.367770E+19   1.342989E+03   1.095732E+03   1.000000E+00
8.635478E-01   2.833820E+19   3.365459E+19   1.334092E+03   1.091546E+03   1.000000E+00
8.654971E-01   2.832786E+19   3.363141E+19   1.324945E+03   1.087347E+03   1.000000E+00
8.674464E-01   2.831723E+19   3.360813E+19   1.315547E+03   1.083132E+03   1.000000E+00
8.693957E-01   2.830626E+19   3.358469E+19   1.305894E+03   1.078900E+03   1.000000E+00
8.713450E-01   2.829488E+19   3.356106E+19   1.295984E+03   1.074651E+03   1.000000E+00
8.732943E-01   2.828301E+19   3.353716E+19   1.285814E+03   1.070382E+03   1.000000E+00
8.752437E-01   2.827057E+19   3.351293E+19   1.275382E+03   1.066094E+03   1.000000E+00
8.771930E-01   2.825746E+19   3.348829E+19   1.264686E+03   1.061783E+03   1.000000E+00
8.791423E-01   2.824358E+19   3.346316E+19   1.253726E+03   1.057448E+03   1.000000E+00
8.810916E-01   2.822881E+19   3.343743E+19   1.242499E+03   1.053087E+03   1.000000E+00
8.830409E-01   2.821301E+19   3.341099E+19   1.231005E+03   1.048696E+03   1.000000E+00
8.849903E-01   2.819605E+19   3.338370E+19   1.219243E+03   1.044274E+03   1.000000E+00
8.869396E-01   2.817775E+19   3.335542E+19   1.207215E+03   1.039816E+03   1.000000E+00
8.888889E-01   2.815793E+19   3.332597E+19   1.194920E+03   1.035318E+03   1.000000E+00
8.908382E-01   2.813637E+19   3.329518E+19   1.182359E+03   1.030776E+03   1.000000E+00
8.927875E-01   2.811286E+19   3.326280E+19   1.169534E+03   1.026184E+03   1.000000E+00
8.947368E-01   2.808713E+19   3.322861E+19   1.156446E+03   1.021535E+03   1.000000E+00
8.966862E-01   2.805890E+19   3.319232E+19   1.143098E+03   1.016822E+03   1.000000E+00
8.986355E-01   2.802783E+19   3.315361E+19   1.129492E+03   1.012036E+03   1.000000E+00
9.005848E-01   2.799358E+19   3.311212E+19   1.115633E+03   1.007167E+03   1.000000E+00
9.025341E-01   2.795574E+19   3.306744E+19   1.101525E+03   1.002203E+03   1.000000E+00
9.044834E-01   2.791387E+19   3.301912E+19   1.087170E+03   9.971297E+02   1.000000E+00
9.064327E-01   2.786748E+19   3.296663E+19   1.072576E+03   9.919314E+02   1.000000E+00
9.083821E-01   2.781603E+19   3.290939E+19   1.057747E+03   9.865888E+02   1.000000E+00
9.103314E-01   2.775890E+19   3.284674E+19   1.042689E+03   9.810799E+02   1.000000E+00
9.122807E-01   2.769544E+19   3.277795E+19   1.027409E+03   9.753789E+02   1.000000E+00
9.142300E-01   2.762490E+19   3.270218E+19   1.011914E+03   9.694560E+02   1.000000E+00
9.161793E-01   2.754648E+19   3.261852E+19   9.962131E+02   9.632762E+02   1.000000E+00
9.181287E-01   2.745929E+19   3.252592E+19   9.803132E+02   9.567993E+02   1.000000E+00
9.200780E-01   2.736234E+19   3.242324E+19   9.642237E+02   9.499785E+02   1.000000E+00
9.220273E-01   2.725460E+19   3.230920E+19   9.479538E+02   9.427597E+02   1.000000E+00
9.239766E-01   2.713489E+19   3.218240E+19   9.315134E+02   9.350805E+02   1.000000E+00
9.259259E-01   2.700199E+19   3.204127E+19   9.149129E+02   9.268693E+02   1.000000E+00
9.278752E-01   2.685454E+19   3.188414E+19   8.981630E+02   9.180439E+02   1.000000E+00
9.298246E-01   2.669111E+19   3.170914E+19   8.812750E+02   9.085104E+02   1.000000E+00
9.317739E-01   2.651018E+19   3.151428E+19   8.642605E+02   8.981624E+02   1.000000E+00
9.337232E-01   2.631015E+19   3.129742E+19   8.471315E+02   8.868789E+02   1.000000E+00
9.356725E-01   2.608932E+19   3.105629E+19   8.299002E+02   8.745238E+02   1.000000E+00
9.376218E-01   2.584597E+19   3.078849E+19   8.125795E+02   8.609432E+02   1.000000E+00
9.395712E-01   2.557832E+19   3.049158E+19   7.951821E+02   8.459620E+02   1.000000E+00
9.415205E-01   2.528459E+19   3.016306E+19   7.777213E+02   8.293746E+02   1.000000E+00
9.434698E-01   2.496299E+19   2.980056E+19   7.602103E+02   8.109103E+02   1.000000E+00
9.454191E-01   2.461180E+19   2.940239E+19   7.426628E+02   7.899264E+02   1.000000E+00
9.473684E-01   2.422942E+19   2.896510E+19   7.250922E+02   7.731572E+02   1.000000E+00
9.493177E-01   2.381445E+19   2.848518E+19   7.075123E+02   7.549441E+02   1.000000E+00
9.512671E-01   2.336569E+19   2.796065E+19   6.899368E+02   7.345748E+02   1.000000E+00
9.532164E-01   2.288228E+19   2.738993E+19   6.723794E+02   7.119625E+02   1.000000E+00
9.551657E-01   2.236368E+19   2.677198E+19   6.548538E+02   6.870662E+02   1.000000E+00
9.571150E-01   2.180980E+19   2.610642E+19   6.373734E+02   6.599025E+02   1.000000E+00
9.590643E-01   2.122103E+19   2.539366E+19   6.199518E+02   6.305567E+02   1.000000E+00
9.610136E-01   2.059833E+19   2.463499E+19   6.026021E+02   5.991901E+02   1.000000E+00
9.629630E-01   1.994324E+19   2.383268E+19   5.853374E+02   5.660441E+02   1.000000E+00
9.649123E-01   1.925793E+19   2.299004E+19   5.681703E+02   5.314373E+02   1.000000E+00
9.668616E-01   1.854521E+19   2.211137E+19   5.511134E+02   4.957570E+02   1.000000E+00
9.688109E-01   1.780848E+19   2.120202E+19   5.341787E+02   4.594441E+02   1.000000E+00
9.707602E-01   1.705171E+19   2.026819E+19   5.173780E+02   4.229718E+02   1.000000E+00
9.727096E-01   1.627940E+19   1.931685E+19   5.007227E+02   3.868217E+02   1.000000E+00
9.746589E-01   1.549639E+19   1.835553E+19   4.842238E+02   3.514588E+02   1.000000E+00
9.766082E-01   1.470785E+19   1.739208E+19   4.678917E+02   3.173078E+02   1.000000E+00
9.785575E-01   1.391909E+19   1.643442E+19   4.517364E+02   2.847340E+02   1.000000E+00
9.805068E-01   1.313539E+19   1.549026E+19   4.357676E+02   2.540305E+02   1.000000E+00
9.824561E-01   1.236194E+19   1.456691E+19   4.199941E+02   2.254115E+02   1.000000E+00
9.844055E-01   1.160364E+19   1.367101E+19   4.044247E+02   1.990118E+02   1.000000E+00
9.863548E-01   1.086500E+19   1.280838E+19   3.890671E+02   1.748922E+02   1.000000E+00
9.883041E-01   1.015004E+19   1.198389E+19   3.739290E+02   1.530487E+02   1.000000E+00
9.902534E-01   9.462220E+18   1.120140E+19   3.590171E+02   1.334232E+02   1.000000E+00
9.922027E-01   8.804403E+18   1.046372E+19   3.443378E+02   1.159162E+02   1.000000E+00
9.941520E-01   8.178809E+18   9.772658E+18   3.298969E+02   1.003985E+02   1.000000E+00
9.961014E-01   7.587038E+18   9.129091E+18   3.156996E+02   8.672158E+01   1.000000E+00
9.980507E-01   7.030090E+18   8.533048E+18   3.017506E+02   7.472717E+01   1.000000E+00
1.000000E+00   6.508412E+18   7.983829E+18   2.880541E+02   6.425423E+01   1.000000E+00
